

Starting Puzzle:
2 0 0 | 1 0 0 | 0 0 7 
0 0 8 | 6 0 5 | 9 0 0 
0 0 5 | 8 0 0 | 0 0 1 
------+-------+------
1 7 0 | 0 0 0 | 0 0 0 
0 0 0 | 7 0 6 | 0 0 0 
0 0 0 | 0 0 0 | 0 4 6 
------+-------+------
5 0 0 | 0 0 9 | 2 0 0 
0 0 7 | 5 0 1 | 8 0 0 
9 0 0 | 0 0 8 | 0 0 5 
55 spaces remaining.



Needed to guess. 2 possibilities:
2 0 0 | 1 0 3 | 0 0 7 
0 0 8 | 6 0 5 | 9 0 0 
0 0 5 | 8 0 0 | 0 0 1 
------+-------+------
1 7 0 | 0 0 0 | 0 0 0 
0 0 0 | 7 0 6 | 0 0 0 
0 0 0 | 0 0 0 | 0 4 6 
------+-------+------
5 0 0 | 0 0 9 | 2 0 0 
0 0 7 | 5 0 1 | 8 0 0 
9 0 0 | 0 0 8 | 0 0 5 
54 spaces remaining.


2 0 0 | 1 0 4 | 0 0 7 
0 0 8 | 6 0 5 | 9 0 0 
0 0 5 | 8 0 0 | 0 0 1 
------+-------+------
1 7 0 | 0 0 0 | 0 0 0 
0 0 0 | 7 0 6 | 0 0 0 
0 0 0 | 0 0 0 | 0 4 6 
------+-------+------
5 0 0 | 0 0 9 | 2 0 0 
0 0 7 | 5 0 1 | 8 0 0 
9 0 0 | 0 0 8 | 0 0 5 
54 spaces remaining.



Added numbers. Progress:
2 0 0 | 1 0 3 | 0 0 7 
0 0 8 | 6 0 5 | 9 0 0 
0 0 5 | 8 0 0 | 0 0 1 
------+-------+------
1 7 0 | 0 0 0 | 0 0 0 
0 0 0 | 7 0 6 | 0 0 0 
0 0 0 | 0 0 2 | 0 4 6 
------+-------+------
5 0 0 | 0 0 9 | 2 0 0 
0 0 7 | 5 0 1 | 8 0 0 
9 0 0 | 0 0 8 | 0 0 5 
53 spaces remaining.



Added numbers. Progress:
2 0 0 | 1 0 3 | 0 0 7 
0 0 8 | 6 0 5 | 9 0 0 
0 0 5 | 8 0 0 | 0 0 1 
------+-------+------
1 7 0 | 0 0 4 | 0 0 0 
0 0 0 | 7 0 6 | 0 0 0 
0 0 0 | 0 0 2 | 0 4 6 
------+-------+------
5 0 0 | 0 0 9 | 2 0 0 
0 0 7 | 5 0 1 | 8 0 0 
9 0 0 | 0 0 8 | 0 0 5 
52 spaces remaining.



Added numbers. Progress:
2 0 0 | 1 0 3 | 0 0 7 
0 0 8 | 6 0 5 | 9 0 0 
0 0 5 | 8 0 7 | 0 0 1 
------+-------+------
1 7 0 | 0 0 4 | 0 0 0 
0 0 0 | 7 0 6 | 0 0 0 
0 0 0 | 0 0 2 | 0 4 6 
------+-------+------
5 0 0 | 0 0 9 | 2 0 0 
0 0 7 | 5 0 1 | 8 0 0 
9 0 0 | 0 0 8 | 0 0 5 
51 spaces remaining.



Needed to guess. 2 possibilities:
2 0 0 | 1 4 3 | 0 0 7 
0 0 8 | 6 0 5 | 9 0 0 
0 0 5 | 8 0 7 | 0 0 1 
------+-------+------
1 7 0 | 0 0 4 | 0 0 0 
0 0 0 | 7 0 6 | 0 0 0 
0 0 0 | 0 0 2 | 0 4 6 
------+-------+------
5 0 0 | 0 0 9 | 2 0 0 
0 0 7 | 5 0 1 | 8 0 0 
9 0 0 | 0 0 8 | 0 0 5 
50 spaces remaining.


2 0 0 | 1 9 3 | 0 0 7 
0 0 8 | 6 0 5 | 9 0 0 
0 0 5 | 8 0 7 | 0 0 1 
------+-------+------
1 7 0 | 0 0 4 | 0 0 0 
0 0 0 | 7 0 6 | 0 0 0 
0 0 0 | 0 0 2 | 0 4 6 
------+-------+------
5 0 0 | 0 0 9 | 2 0 0 
0 0 7 | 5 0 1 | 8 0 0 
9 0 0 | 0 0 8 | 0 0 5 
50 spaces remaining.



Added numbers. Progress:
2 0 0 | 1 4 3 | 0 0 7 
0 0 8 | 6 2 5 | 9 3 4 
0 0 5 | 8 9 7 | 6 2 1 
------+-------+------
1 7 0 | 0 0 4 | 0 0 0 
0 0 0 | 7 0 6 | 0 0 0 
0 0 0 | 0 0 2 | 0 4 6 
------+-------+------
5 0 0 | 0 0 9 | 2 0 3 
0 0 7 | 5 0 1 | 8 0 9 
9 0 0 | 0 0 8 | 0 0 5 
42 spaces remaining.



Added numbers. Progress:
2 0 0 | 1 4 3 | 5 8 7 
7 1 8 | 6 2 5 | 9 3 4 
0 0 5 | 8 9 7 | 6 2 1 
------+-------+------
1 7 0 | 0 0 4 | 3 0 0 
0 0 0 | 7 0 6 | 1 0 0 
0 0 0 | 0 0 2 | 7 4 6 
------+-------+------
5 0 0 | 4 0 9 | 2 0 3 
0 0 7 | 5 0 1 | 8 6 9 
9 0 0 | 0 0 8 | 4 0 5 
32 spaces remaining.



Added numbers. Progress:
2 0 0 | 1 4 3 | 5 8 7 
7 1 8 | 6 2 5 | 9 3 4 
0 0 5 | 8 9 7 | 6 2 1 
------+-------+------
1 7 0 | 9 0 4 | 3 5 0 
0 0 0 | 7 0 6 | 1 9 0 
0 0 0 | 3 0 2 | 7 4 6 
------+-------+------
5 0 0 | 4 0 9 | 2 0 3 
0 0 7 | 5 3 1 | 8 6 9 
9 0 0 | 2 0 8 | 4 0 5 
26 spaces remaining.



Added numbers. Progress:
2 0 0 | 1 4 3 | 5 8 7 
7 1 8 | 6 2 5 | 9 3 4 
0 0 5 | 8 9 7 | 6 2 1 
------+-------+------
1 7 0 | 9 8 4 | 3 5 2 
0 0 0 | 7 5 6 | 1 9 8 
8 0 9 | 3 1 2 | 7 4 6 
------+-------+------
5 0 0 | 4 0 9 | 2 0 3 
4 2 7 | 5 3 1 | 8 6 9 
9 0 0 | 2 0 8 | 4 0 5 
17 spaces remaining.



Added numbers. Progress:
2 0 6 | 1 4 3 | 5 8 7 
7 1 8 | 6 2 5 | 9 3 4 
3 4 5 | 8 9 7 | 6 2 1 
------+-------+------
1 7 0 | 9 8 4 | 3 5 2 
0 3 0 | 7 5 6 | 1 9 8 
8 5 9 | 3 1 2 | 7 4 6 
------+-------+------
5 0 1 | 4 0 9 | 2 7 3 
4 2 7 | 5 3 1 | 8 6 9 
9 6 3 | 2 7 8 | 4 1 5 
6 spaces remaining.



Added numbers. Progress:
2 9 6 | 1 4 3 | 5 8 7 
7 1 8 | 6 2 5 | 9 3 4 
3 4 5 | 8 9 7 | 6 2 1 
------+-------+------
1 7 0 | 9 8 4 | 3 5 2 
0 3 0 | 7 5 6 | 1 9 8 
8 5 9 | 3 1 2 | 7 4 6 
------+-------+------
5 8 1 | 4 6 9 | 2 7 3 
4 2 7 | 5 3 1 | 8 6 9 
9 6 3 | 2 7 8 | 4 1 5 
3 spaces remaining.



Bad Solution:
2 9 6 | 1 4 3 | 5 8 7 
7 1 8 | 6 2 5 | 9 3 4 
3 4 5 | 8 9 7 | 6 2 1 
------+-------+------
1 7 0 | 9 8 4 | 3 5 2 
0 3 0 | 7 5 6 | 1 9 8 
8 5 9 | 3 1 2 | 7 4 6 
------+-------+------
5 8 1 | 4 6 9 | 2 7 3 
4 2 7 | 5 3 1 | 8 6 9 
9 6 3 | 2 7 8 | 4 1 5 
3 spaces remaining.



Now working with another option for previous guess.

Needed to guess. 2 possibilities:
2 4 0 | 1 9 3 | 0 0 7 
0 0 8 | 6 0 5 | 9 0 0 
0 0 5 | 8 0 7 | 0 0 1 
------+-------+------
1 7 0 | 0 0 4 | 0 0 0 
0 0 0 | 7 0 6 | 0 0 0 
0 0 0 | 0 0 2 | 0 4 6 
------+-------+------
5 0 0 | 0 0 9 | 2 0 0 
0 0 7 | 5 0 1 | 8 0 0 
9 0 0 | 0 0 8 | 0 0 5 
49 spaces remaining.


2 6 0 | 1 9 3 | 0 0 7 
0 0 8 | 6 0 5 | 9 0 0 
0 0 5 | 8 0 7 | 0 0 1 
------+-------+------
1 7 0 | 0 0 4 | 0 0 0 
0 0 0 | 7 0 6 | 0 0 0 
0 0 0 | 0 0 2 | 0 4 6 
------+-------+------
5 0 0 | 0 0 9 | 2 0 0 
0 0 7 | 5 0 1 | 8 0 0 
9 0 0 | 0 0 8 | 0 0 5 
49 spaces remaining.



Added numbers. Progress:
2 4 6 | 1 9 3 | 5 8 7 
0 0 8 | 6 0 5 | 9 0 0 
3 9 5 | 8 0 7 | 0 0 1 
------+-------+------
1 7 0 | 0 0 4 | 3 0 0 
0 0 0 | 7 0 6 | 1 0 0 
8 0 0 | 0 0 2 | 7 4 6 
------+-------+------
5 0 0 | 0 0 9 | 2 0 0 
0 0 7 | 5 0 1 | 8 0 0 
9 0 0 | 0 0 8 | 0 0 5 
40 spaces remaining.



Added numbers. Progress:
2 4 6 | 1 9 3 | 5 8 7 
7 1 8 | 6 0 5 | 9 0 0 
3 9 5 | 8 0 7 | 0 0 1 
------+-------+------
1 7 0 | 9 0 4 | 3 0 0 
4 0 0 | 7 0 6 | 1 0 0 
8 0 0 | 3 0 2 | 7 4 6 
------+-------+------
5 0 0 | 4 0 9 | 2 0 3 
6 0 7 | 5 0 1 | 8 9 4 
9 0 0 | 2 0 8 | 6 0 5 
28 spaces remaining.



Added numbers. Progress:
2 4 6 | 1 9 3 | 5 8 7 
7 1 8 | 6 0 5 | 9 0 2 
3 9 5 | 8 0 7 | 4 6 1 
------+-------+------
1 7 2 | 9 0 4 | 3 5 8 
4 0 0 | 7 0 6 | 1 2 9 
8 5 9 | 3 1 2 | 7 4 6 
------+-------+------
5 8 1 | 4 0 9 | 2 7 3 
6 0 7 | 5 3 1 | 8 9 4 
9 3 4 | 2 7 8 | 6 1 5 
9 spaces remaining.



Added numbers. Progress:
2 4 6 | 1 9 3 | 5 8 7 
7 1 8 | 6 4 5 | 9 3 2 
3 9 5 | 8 2 7 | 4 6 1 
------+-------+------
1 7 2 | 9 0 4 | 3 5 8 
4 0 3 | 7 0 6 | 1 2 9 
8 5 9 | 3 1 2 | 7 4 6 
------+-------+------
5 8 1 | 4 6 9 | 2 7 3 
6 2 7 | 5 3 1 | 8 9 4 
9 3 4 | 2 7 8 | 6 1 5 
3 spaces remaining.



Bad Solution:
2 4 6 | 1 9 3 | 5 8 7 
7 1 8 | 6 4 5 | 9 3 2 
3 9 5 | 8 2 7 | 4 6 1 
------+-------+------
1 7 2 | 9 0 4 | 3 5 8 
4 0 3 | 7 0 6 | 1 2 9 
8 5 9 | 3 1 2 | 7 4 6 
------+-------+------
5 8 1 | 4 6 9 | 2 7 3 
6 2 7 | 5 3 1 | 8 9 4 
9 3 4 | 2 7 8 | 6 1 5 
3 spaces remaining.



Now working with another option for previous guess.

Added numbers. Progress:
2 6 4 | 1 9 3 | 5 8 7 
0 0 8 | 6 0 5 | 9 0 0 
3 9 5 | 8 0 7 | 0 0 1 
------+-------+------
1 7 0 | 0 0 4 | 3 0 0 
0 0 0 | 7 0 6 | 1 0 0 
8 0 0 | 0 0 2 | 7 4 6 
------+-------+------
5 0 0 | 0 0 9 | 2 0 0 
0 0 7 | 5 0 1 | 8 0 0 
9 0 0 | 0 0 8 | 0 0 5 
40 spaces remaining.



Added numbers. Progress:
2 6 4 | 1 9 3 | 5 8 7 
7 1 8 | 6 0 5 | 9 0 0 
3 9 5 | 8 0 7 | 0 0 1 
------+-------+------
1 7 0 | 9 0 4 | 3 0 0 
4 0 0 | 7 0 6 | 1 0 0 
8 0 0 | 3 0 2 | 7 4 6 
------+-------+------
5 0 0 | 4 0 9 | 2 0 3 
6 0 7 | 5 0 1 | 8 9 4 
9 0 0 | 2 0 8 | 6 0 5 
28 spaces remaining.



Added numbers. Progress:
2 6 4 | 1 9 3 | 5 8 7 
7 1 8 | 6 0 5 | 9 0 2 
3 9 5 | 8 0 7 | 4 6 1 
------+-------+------
1 7 0 | 9 0 4 | 3 0 8 
4 0 0 | 7 0 6 | 1 0 9 
8 5 9 | 3 1 2 | 7 4 6 
------+-------+------
5 8 1 | 4 0 9 | 2 7 3 
6 0 7 | 5 3 1 | 8 9 4 
9 0 3 | 2 7 8 | 6 1 5 
13 spaces remaining.



Added numbers. Progress:
2 6 4 | 1 9 3 | 5 8 7 
7 1 8 | 6 4 5 | 9 3 2 
3 9 5 | 8 2 7 | 4 6 1 
------+-------+------
1 7 0 | 9 5 4 | 3 2 8 
4 0 2 | 7 8 6 | 1 5 9 
8 5 9 | 3 1 2 | 7 4 6 
------+-------+------
5 8 1 | 4 6 9 | 2 7 3 
6 2 7 | 5 3 1 | 8 9 4 
9 4 3 | 2 7 8 | 6 1 5 
2 spaces remaining.



Added numbers. Progress:
2 6 4 | 1 9 3 | 5 8 7 
7 1 8 | 6 4 5 | 9 3 2 
3 9 5 | 8 2 7 | 4 6 1 
------+-------+------
1 7 6 | 9 5 4 | 3 2 8 
4 3 2 | 7 8 6 | 1 5 9 
8 5 9 | 3 1 2 | 7 4 6 
------+-------+------
5 8 1 | 4 6 9 | 2 7 3 
6 2 7 | 5 3 1 | 8 9 4 
9 4 3 | 2 7 8 | 6 1 5 
0 spaces remaining.



Solution found! Result:
2 6 4 | 1 9 3 | 5 8 7 
7 1 8 | 6 4 5 | 9 3 2 
3 9 5 | 8 2 7 | 4 6 1 
------+-------+------
1 7 6 | 9 5 4 | 3 2 8 
4 3 2 | 7 8 6 | 1 5 9 
8 5 9 | 3 1 2 | 7 4 6 
------+-------+------
5 8 1 | 4 6 9 | 2 7 3 
6 2 7 | 5 3 1 | 8 9 4 
9 4 3 | 2 7 8 | 6 1 5 
0 spaces remaining.

